9.294690
8.298897
8.807924
9.244972
9.236200
9.295129
8.955435
9.369160
8.946608
9.394780
8.557697
10.001455
8.880833
8.918657
8.827155
8.675015
9.665610
8.720614
9.036138
9.220235
9.471888
10.085281
9.185981
8.578939
10.352044
8.930309
8.876827
8.648410
8.247075
9.214755
9.133243
9.899044
8.863226
9.365378
9.926180
9.381288
9.260201
9.262870
9.135682
9.402323
9.068831
8.809756
9.189936
9.127929
9.720721
8.314997
8.772874
8.648466
9.355555
8.921434
9.268196
9.896518
9.467625
9.103176
8.687458
10.081147
8.977677
8.779774
9.880650
8.705228
8.820710
8.920608
9.229904
9.433366
8.833204
9.313131
8.791344
8.234014
9.245796
9.279793
9.910186
9.054986
9.724119
9.885936
8.812683
9.500090
9.465493
8.884814
9.287081
8.616922
9.221995
9.166271
9.680400
9.203382
9.796820
8.727698
7.715284
9.917275
9.580873
9.662724
8.840259
8.616459
8.816228
9.078270
9.227445
8.975285
9.645403
8.993005
9.234484
8.211782
9.338175
9.300433
8.953980
8.857584
9.008086
8.527263
9.256957
7.837042
9.495035
9.370139
9.097718
9.360111
8.883842
9.001009
9.635088
8.897938
9.381517
8.895050
8.781738
9.436503
9.684879
9.638239
8.772513
10.125456
9.387897
9.473123
9.328152
8.943870
8.650925
9.660942
9.320062
8.962745
9.150900
8.415589
9.003699
9.009909
8.872530
9.336100
8.801738
9.486852
9.428206
8.929722
8.825237
9.006778
9.647294
9.473192
9.523780
8.840952
9.073879
7.557680
9.510694
9.850795
8.889496
8.709586
9.406447
8.612519
9.133770
9.491256
8.482630
9.708725
9.052268
9.128268
9.532081
8.644809
8.948282
9.498774
9.435288
9.482638
9.264224
9.207647
8.572818
9.876359
8.870806
8.864770
10.030850
9.791282
8.459556
10.123665
9.799507
8.574761
9.092539
8.877608
9.476118
8.777460
9.485872
9.368663
8.766748
9.219514
8.764203
8.553593
8.611961
9.834290
8.747283
9.485001
8.729111
9.006610
8.804775
9.249725
9.125061
9.172816
10.171580
8.153835
8.991290
9.032334
8.639677
8.663797
9.101875
9.026370
9.452552
9.601835
9.290761
8.731384
9.374596
8.457928
8.877638
9.569775
9.184688
8.226818
8.950382
9.132754
9.266853
9.168691
9.533695
9.197909
9.393936
10.247147
9.657065
8.927047
8.999944
8.933017
9.203977
9.572631
9.771309
8.789508
8.901146
8.805324
9.837686
9.780322
9.262663
9.027931
8.708957
8.197611
9.308256
9.533471
9.571832
9.190827
9.302690
9.693510
8.902122
9.599143
9.391233
8.841562
8.707662
8.467503
9.211150
9.084644
8.812467
9.687092
9.199907
9.429488
8.947340
9.733635
10.271265
8.885702
9.087916
9.493566
9.421139
8.038210
8.767321
9.192855
9.190338
8.613529
9.014315
9.256746
8.252227
9.136404
8.330923
8.124075
8.493778
9.276862
9.342576
9.257006
7.750342
9.233677
9.245703
9.212087
9.660386
9.360420
10.077134
9.440607
8.779126
9.620628
9.755961
8.930022
9.736732
9.813812
8.851542
9.811809
9.163603
9.038888
8.523695
8.816851
8.345978
9.055377
9.998683
9.206557
8.908096
9.312497
9.347525
9.221452
9.169024
8.652422
8.870578
9.719630
9.145965
9.319332
9.155512
8.938963
9.329053
8.779658
8.574390
9.460006
9.025237
8.909515
9.648154
9.682392
8.894419
9.126034
8.657840
8.570490
8.980007
8.603739
9.650710
7.785128
9.578634
9.202615
9.539326
9.655270
10.145342
9.235170
8.481165
9.162748
9.186649
9.190158
9.048028
9.317054
8.762038
9.169913
8.983333
9.152322
8.591772
9.047119
8.783415
8.583995
8.386249
8.998078
8.574943
9.628811
8.443089
9.611179
9.294932
9.107615
9.044877
10.432454
8.924097
9.112330
9.679303
8.631001
9.092409
8.863766
9.809600
8.561877
9.199039
9.169197
9.261970
9.148762
9.249677
8.673127
9.028157
8.350648
8.981352
9.390357
9.193480
8.722896
9.513315
8.665235
8.375909
9.582708
8.604170
8.876526
9.463667
8.381291
8.927353
8.875439
8.936725
9.049828
7.238122
8.780285
9.366343
9.580745
9.999136
8.500725
8.504134
8.564372
8.897382
9.713188
9.303632
9.340878
9.159074
9.156209
8.756720
9.302672
8.544707
9.577418
8.658073
8.559335
8.505430
8.627198
8.892553
8.998985
8.715983
8.316548
8.564085
8.468340
9.516471
8.648134
9.708415
9.070040
9.028288
9.434612
8.883780
9.022226
9.701761
8.788624
9.631501
9.690990
8.560490
9.960723
9.672606
9.493707
9.047498
9.116826
9.366069
9.359384
10.211807
8.810736
9.018953
9.502148
9.390940
8.677292
8.884186
9.202237
9.688326
9.251968
10.166641
9.015333
9.206528
8.981223
8.936998
9.491682
9.182952
8.666289
9.579445
8.994530
8.622100
9.465420
8.487165
8.630149
9.114326
8.862246
9.389547
8.052821
9.218170
8.809740
10.258617
9.451311
8.779253
8.972984
9.075840
9.916418
8.881954
9.449464
9.167462
9.206340
8.741004
9.163605
9.158793
9.537490
9.835998
9.726817
9.346646
9.384929
9.059819
9.089172
9.137141
9.096691
9.311386
9.481006
9.378540
9.689709
9.350813
8.644924
9.148949
8.975873
9.692641
9.551628
8.355536
8.740400
8.665573
9.226722
9.256603
9.494314
9.687835
9.199384
9.303976
8.451080
8.914733
9.100379
9.472938
9.483276
8.901855
8.362736
8.989111
9.112071
8.855899
9.352058
9.031670
8.766936
9.440900
9.003235
10.239951
9.904287
8.797245
9.453496
9.283464
8.619692
9.252960
9.098072
9.144354
8.958916
9.483180
9.239321
9.019399
8.929003
9.628841
9.299783
8.955170
10.468873
10.249273
9.524723
9.121372
8.263626
9.913392
9.129487
9.292483
8.623469
9.504175
9.440746
9.141771
9.511877
8.939558
9.185290
9.151345
9.974788
9.328693
9.554359
9.775435
8.575152
9.637613
9.335911
9.484146
8.874753
9.553024
9.696878
9.274987
9.557707
8.726082
9.396448
9.411771
8.130718
10.158691
9.597899
9.105341
9.265912
8.869799
9.498424
8.794932
8.886546
8.997025
8.267459
9.253736
8.745166
8.701727
9.365769
9.569352
9.667064
8.885725
9.794048
9.049613
9.254681
8.559344
10.232140
10.251679
8.826989
9.506668
8.050929
9.244133
9.577693
9.183275
9.128573
8.713352
8.922006
8.911933
9.228594
10.449675
8.627414
8.283936
9.500196
9.089487
9.872577
9.442544
8.713150
8.530969
9.474839
9.593019
8.853692
9.379670
9.550549
8.754359
8.991387
9.489118
9.343805
8.755787
9.432757
9.579872
9.510922
8.553822
8.967110
9.125446
9.468332
9.444841
9.122606
9.165903
9.241544
9.374523
9.443744
8.470687
8.563459
9.354392
9.162638
9.861005
9.210224
8.701904
9.198370
8.880977
8.738124
8.251380
9.341347
9.208822
9.228130
8.753693
9.099545
8.730595
9.097104
9.585648
8.647350
9.280108
9.422991
10.062121
8.333917
9.759006
9.781132
8.824785
9.880007
9.156324
8.719416
8.815644
9.084411
10.190911
8.474647
8.745207
8.799201
9.723889
8.958876
8.805020
8.960584
8.218485
9.263983
8.707111
9.085066
9.145806
8.166655
9.204337
9.036280
9.213156
9.227110
8.693283
9.577960
8.648953
8.948662
9.544639
9.269350
8.766767
8.973822
9.847422
9.204370
8.504236
9.462093
8.615858
9.228426
8.948386
8.973438
9.174821
9.092363
9.877733
8.118639
8.957889
8.736936
8.396964
8.759289
8.799618
8.947688
9.347120
8.591125
9.047677
8.838790
9.410307
9.890949
8.569130
9.046402
9.566088
8.427424
9.994336
9.247683
9.346559
8.942281
9.248732
9.194374
8.909186
9.171869
9.996338
9.651997
9.650115
8.944927
8.666080
9.571936
9.056352
8.983543
9.246256
9.429681
8.967534
9.088798
8.630250
9.567653
9.936267
9.085132
8.648881
9.056629
9.269052
9.471713
8.443330
9.076173
8.211629
8.989423
9.739809
8.598533
9.075016
8.995638
9.044517
9.106233
9.563256
8.452920
8.679617
9.493475
8.713737
8.837675
8.871398
9.011146
9.975377
8.512825
8.205713
9.997003
9.462894
8.698720
9.411974
7.609042
9.562350
9.998194
9.528581
9.777186
9.926707
8.760568
8.462665
9.186902
10.002001
9.271527
8.915311
9.170717
9.252349
8.769912
9.076532
9.529835
8.898873
8.942941
8.552609
9.690093
9.424325
8.199051
9.698008
8.593017
9.620916
9.305888
9.665392
8.644997
9.167442
8.953623
9.080313
8.602262
9.140882
9.613736
9.070189
9.498226
9.073059
9.031572
9.146154
9.097312
9.414793
9.125673
9.150326
9.230349
9.221091
9.127918
9.668732
9.191086
9.888387
9.302365
9.184508
9.712223
9.003886
8.243225
10.146785
10.039646
10.102711
9.309123
8.513260
8.721412
8.343253
8.202168
9.550366
8.724521
9.641267
8.890182
9.410860
9.628706
9.276679
9.587955
9.375126
8.501872
9.607849
9.391557
9.055506
9.063779
9.637708
8.996910
8.602504
9.757750
8.621208
9.656544
9.196823
9.463298
9.847887
10.063610
8.936573
9.195726
9.285951
8.810296
8.961954
8.800070
9.079410
8.829800
10.082247
8.461739
9.093708
8.937800
9.104811
8.875613
9.688201
9.542420
9.275208
9.106274
10.208803
8.789426
9.220705
9.053305
8.947970
8.996577
8.833934
9.238685
9.049444
8.844183
9.674037
9.559640
10.084157
9.240216
9.004773
8.291944
8.701109
9.219076
8.688011
10.104834
9.014678
9.973125
8.705553
10.017915
9.675466
8.943693
9.183877
8.849737
8.700144
8.549020
9.622619
9.773351
8.866428
8.739182
9.914578
9.169232
8.924777
9.447564
8.943419
9.703434
9.200545
9.078070
8.959343
8.687436
9.636182
10.024912
9.139396
9.133302
8.499860
8.058675
8.738913
9.086894
9.948109
9.323226
8.354661
9.023835
9.299876
8.803442
9.677379
8.985335
9.502915
9.969512
9.327863
9.346388
8.929256
8.693728
8.789333
9.393751
9.049709
8.623187
9.275741
9.065723
9.520755
9.467364
9.657317
9.643881
8.938741
8.643446
8.744306
9.674098
9.388378
8.730802
9.698536
9.865633
8.583473
9.517784
9.880895
8.964353
9.396992
8.427071
9.009014
8.503388
8.460988
10.280708
8.995763
9.268435
9.281136
8.991187
9.827631
10.001543
8.788765
9.101763
9.453055
8.491935
8.507806
8.799362
9.384752
9.277507
8.720952
8.473200