8.684697
8.698590
10.629686
8.207236
7.808637
7.688499
10.131858
6.958413
8.826679
8.381812
7.363084
7.720967
10.766620
7.513291
8.022377
8.382271
10.694503
7.410905
8.224077
10.230541
8.164083
9.159872
8.508114
8.574250
7.376718
6.191017
9.153940
9.910725
9.047490
8.624411
8.514731
7.146327
9.333706
9.163032
7.332960
8.618948
8.691180
7.385505
10.402773
6.866493
6.013087
6.564147
9.379925
8.846571
9.132572
6.663860
8.715223
8.569082
9.718125
8.586127
8.887439
9.680457
9.351193
7.768760
8.809281
9.655082
9.033018
8.881704
9.321581
8.822710
8.503617
8.251656
10.655088
8.261239
8.151862
7.512736
7.923276
10.165677
8.141620
9.649878
7.538977
8.304347
7.499879
8.485491
7.641665
8.337876
8.091472
9.117868
8.219108
6.938783
8.084307
8.120663
8.188239
7.286068
9.336127
7.695111
8.258686
8.064845
9.685606
8.764977
7.706742
9.259566
9.184576
7.262609
7.971848
8.658242
9.851026
9.619473
8.015879
9.559971
8.189509
7.248610
9.061540
9.111916
8.340827
9.455677
7.476635
8.235769
9.547735
8.657924
9.368028
9.378429
6.606661
9.565641
9.347812
7.725009
7.637695
7.979346
9.113564
7.409900
7.743610
9.564003
7.365239
5.657663
6.455849
8.270891
9.199118
8.316081
8.092697
8.524083
6.154733
8.099839
7.818539
10.235785
9.031692
8.895572
9.388533
8.591550
8.787156
9.293781
7.328341
8.983562
9.033513
7.581917
9.254612
7.985272
9.175472
8.198576
6.516512
9.032466
9.124764
8.654072
8.831952
7.699951
8.587290
9.143474
8.683207
8.667344
6.715690
7.427998
10.548111
7.026410
7.281676
8.106157
9.283268
7.536944
8.193478
7.631297
8.497382
8.282084
7.328885
7.490473
10.084141
8.611896
7.967737
8.167620
7.987361
8.626886
8.389227
8.752194
7.253005
9.003247
7.659600
8.931098
9.986090
9.081049
8.674761
8.010865
8.000682
8.977533
10.644968
8.276164
7.944907
7.597408
5.907118
9.390225
7.444659
9.305188
8.783440
7.850963
9.197173
9.481574
8.075552
7.930663
7.852048
7.286379
9.264363
9.272895
9.738181
7.946366
7.900182
5.921319
7.776150
8.388095
7.077282
9.965627
9.326620
9.445111
7.928751
8.387824
8.481688
8.087253
7.119011
8.839204
8.679409
8.816418
9.688427
8.663163
8.056107
8.301671
11.589614
8.871361
7.644100
9.642162
9.008613
10.325142
8.856729
8.167856
8.559007
9.636941
7.595948
8.767861
9.537443
7.746803
8.090966
7.433864
8.559866
10.151051
7.591212
11.654208
8.018237
8.720020
6.881748
7.486259
7.419438
8.037263
6.325414
9.848285
9.936443
8.766573
9.199764
6.569850
7.559534
8.874017
8.970320
9.908681
9.495431
8.116746
9.134919
7.447784
8.744514
7.887988
9.200208
8.099518
8.711765
8.933409
8.142321
6.648159
9.387231
7.380202
9.593930
8.721190
7.686283
8.216228
7.470774
7.298369
9.042398
8.168724
7.139090
8.159840
8.744930
8.664919
8.362606
8.266333
7.484905
9.973489
9.049577
9.420288
7.740549
7.263095
7.755096
8.309739
7.427795
9.755440
9.149017
6.825495
6.991511
5.486815
8.379116
7.506664
8.824483
8.992330
10.335992
8.519907
9.036478
8.546440
8.163710
7.771625
7.195286
10.077420
8.199338
8.526279
9.684974
7.259303
7.774729
10.380624
8.248730
8.639222
8.010828
8.684283
8.404987
9.442056
9.292834
8.729614
9.260774
6.695961
7.582360
10.318862
9.568294
9.456689
9.658373
9.359632
9.635768
9.276420
8.064901
10.243642
9.705024
9.919097
10.167310
8.354801
8.523771
8.397022
6.421708
10.411885
9.299079
10.459030
8.597145
10.256791
9.127016
7.576411
8.829004
9.634511
9.680666
8.226024
10.795652
8.819611
7.609072
9.830201
8.361392
7.569870
8.162945
9.932585
7.579625
8.429735
8.701757
9.653178
9.405128
8.608497
7.541405
8.790134
8.201417
9.651804
9.363551
7.352182
8.724316
8.126687
8.190610
7.393132
6.818609
8.511750
7.783359
7.898864
9.904213
9.193244
10.098569
8.497419
10.107247
9.147013
8.490943
7.361467
9.267582
8.171770
7.513708
9.390722
8.711082
9.656383
7.777492
9.071079
8.771975
6.617810
8.991344
7.586365
8.948913
9.906132
7.767031
9.841293
9.264776
6.777060
7.906405
7.850670
7.645179
8.503123
9.732491
9.533982
8.256996
8.020987
9.669125
8.431240
8.539371
8.400030
8.523684
6.690335
9.651758
8.339746
7.747454
7.987684
10.578602
8.139225
8.826955
7.030333
8.065567
9.221544
8.646072
9.077775
7.919066
8.153681
8.763266
8.687872
7.353612
9.479951
11.952217
7.907933
9.327015
6.269267
9.330680
9.741653
8.254672
8.869016
8.999240
10.091938
9.427739
9.658523
8.490778
7.606744
8.448944
8.065634
9.039804
10.761181
8.963570
8.864037
8.823753
8.157391
6.727174
10.315679
7.996368
8.887677
8.931179
7.370918
9.601715
8.584695
7.703967
8.932759
7.117608
8.858857
8.761479
8.183743
7.520831
9.095419
9.125084
9.371585
9.107873
8.675746
8.058191
8.834973
8.285918
6.904397
9.205934
9.474581
8.826620
11.178627
6.552009
8.033353
8.446501
7.663108
10.639351
8.312309
9.400840
10.132670
7.497768
9.688294
9.779015
6.354517
9.207595
9.159235
7.126108
9.819384
9.314126
8.983095
8.308707
9.499566
10.736236
9.418163
8.532353
8.894054
8.124958
10.233669
9.253397
8.827910
9.499217
8.309533
8.786668
7.308433
7.589818
8.251326
6.539744
9.417465
8.137779
8.516177
8.406604
9.098473
7.944775
9.019735
8.941191
10.569349
7.339081
10.292450
7.076597
7.854695
8.644362
6.595167
6.571555
9.754341
9.850095
8.242119
7.134582
9.156151
9.509337
8.386734
9.160554
10.849254
7.802539
8.860997
11.693723
7.779227
8.167449
9.268091
9.563987
10.948569
8.329626
8.497044
8.516637
8.232628
9.576303
8.191270
8.193681
8.571672
7.885027
9.384261
9.105344
7.662070
7.605848
6.195653
9.001302
9.823464
8.869721
8.702000
8.672626
9.337579
6.976309
7.641766
9.169196
10.778701
7.055468
8.973169
9.034296
8.721810
8.418255
8.180694
8.901929
8.723991
8.965324
7.634110
7.014584
7.374060
7.891815
8.648228
7.600722
8.434833
9.609192
8.246892
9.034206
8.349383
9.832812
7.030984
10.532860
8.808434
8.043921
7.756475
8.499306
7.592972
9.125933
8.013224
8.516765
7.793233
8.679232
8.802781
8.202907
9.680970
6.404719
9.640407
10.748223
8.613657
8.967637
8.540061
7.331346
9.007308
8.069519
11.398879
7.428305
9.142432
7.381548
7.888039
8.607084
7.995091
6.965805
9.643391
9.564805
8.017266
9.055841
8.483188
8.591976
7.989727
8.154113
8.610043
8.730795
10.437880
9.388838
9.427640
7.152640
10.676942
7.470282
8.306979
8.091572
9.036065
9.781367
8.762398
7.480043
9.032481
8.655389
10.292002
9.109794
8.606854
8.430973
9.786362
9.349599
8.666879
7.186832
7.485795
8.415657
8.431083
9.328327
9.980117
9.196204
9.239746
8.292269
9.636256
9.834211
9.411738
9.138482
9.200770
7.133457
9.137215
8.137022
8.068385
9.575607
8.351635
9.775281
10.036714
9.720958
7.623983
10.949189
9.397189
8.463095
9.217348
8.198042
8.583387
8.684255
8.738651
6.345199
7.309424
9.172528
7.425351
9.233360
8.305544
9.745603
9.014105
9.035512
10.226336
9.083041
8.861084
9.410470
8.327992
10.130484
6.366699
5.835595
9.571538
9.646122
8.438588
7.918558
7.753683
7.055787
9.161175
8.972031
7.874071
9.038859
7.723177
7.907225
8.876284
8.385104
8.247400
9.697492
8.451714
8.475436
10.164362
8.493975
6.670870
9.972748
6.822008
8.353924
8.566763
8.551382
8.940818
9.398554
6.825317
9.646102
7.471412
7.946549
9.170197
8.476952
6.996918
10.413045
9.906169
7.974836
9.592608
7.631102
8.231339
8.618421
7.822738
10.832389
8.431917
8.466384
8.068066
7.873529
9.666060
8.705452
7.492095
7.926726
8.196139
7.955033
10.084605
9.990900
8.103744
5.864614
8.459540
7.698576
8.886402
7.278278
7.443204
9.545695
9.358400
9.180131
7.358474
8.827376
8.584926
6.754228
9.798328
10.093539
7.556187
8.228158
8.935238
8.397153
6.966319
9.230139
9.728025
8.668116
10.526215
7.321584
7.602496
7.861809
9.582073
10.617393
8.546573
9.119849
8.363787
7.078719
8.262903
11.246829
9.219704
8.098084
9.980367
8.999226
9.478445
6.785771
7.795868
8.449680
10.240578
8.646798
7.854420
8.424703
7.767312
8.881813
8.652933
9.073224
7.598859
9.919495
7.113516
8.219964
7.739608
9.463577
8.241564
8.274865
9.719222
8.128783
9.065754
7.947375
7.723034
8.489754
9.541243
8.288242
8.140042
9.167304
8.708606
6.871090
9.193459
8.395437
9.669587
7.823266
9.338132
7.307911
10.177422
6.364011
8.095089
8.984396
9.859094
9.370320
9.155982
9.758890
8.217655
8.451659
8.981195
7.116539
5.959970
9.998079
8.338804
9.001972
6.790554
9.698266
6.882979
9.033038
10.111557
9.946091
8.266965
9.551048
8.483650
8.039078
7.845791
6.432746
6.976898
8.731760
6.976643
7.896348
9.517254
8.782175
8.201000
8.946912
6.482647
8.774373
8.671278
6.742922
9.896204
6.927191
9.341638
8.190001
8.004910
7.969326
8.081796
7.396414
7.660866
7.793812
9.284635
7.251068
8.595790
8.845317
7.053341
10.132522
6.524487
8.533430
7.039998
8.582520
8.115077
8.066329
7.715041
8.912731
8.040600
8.178935
9.622768
9.817041
9.262391
8.302992
8.937442
7.744241
8.048258
7.237138
7.846104
7.507243
7.377292
8.293215
9.867513
8.066506
9.718769
9.041067
8.595255
8.294409
8.533965
12.154592
9.681962
9.276380
9.661129
8.405166
10.152165
9.163563
8.756767
7.406224
7.823108
8.401319
7.920273
7.657469
8.411457
11.155779
8.456734
10.512829
8.295776
8.622690
8.244206
9.537670
9.578177
8.786540
10.915501
10.715439
8.327519
9.896555
9.451828
7.267603
8.426504
9.386846
10.036904
7.960205
7.559324
6.945954
8.065646
7.551805
8.546226
8.081339
9.446006
8.738792
9.173692
7.336604
8.192946
8.360806
7.720914
8.383534
8.849018
8.550403
9.868660
7.811542
8.244417
8.429307
9.264881
8.979947
6.946860